4 1 397 91 330 543 -1 -1 -1 0 
5 1 394 91 335 538 -1 -1 -1 0 
6 1 394 91 334 534 -1 -1 -1 0 
7 1 394 90 333 535 -1 -1 -1 0 
8 1 394 90 334 533 -1 -1 -1 0 
9 1 394 91 333 536 -1 -1 -1 0 
9 3 1257 209 342 392 -1 -1 -1 0 
10 1 394 91 332 541 -1 -1 -1 0 
10 3 1254 213 343 392 -1 -1 -1 0 
11 1 394 91 333 542 -1 -1 -1 0 
11 3 1256 213 343 391 -1 -1 -1 0 
12 1 396 94 330 540 -1 -1 -1 0 
12 3 1257 213 343 387 -1 -1 -1 0 
13 1 394 91 335 538 -1 -1 -1 0 
13 3 1256 213 343 387 -1 -1 -1 0 
13 4 124 201 264 191 -1 -1 -1 0 
14 1 394 89 335 536 -1 -1 -1 0 
14 3 1258 212 341 390 -1 -1 -1 0 
14 4 124 202 264 189 -1 -1 -1 0 
14 5 742 431 492 215 -1 -1 -1 0 
15 1 393 90 336 534 -1 -1 -1 0 
15 3 1256 214 344 388 -1 -1 -1 0 
15 4 123 201 264 190 -1 -1 -1 0 
15 5 741 429 492 217 -1 -1 -1 0 
16 1 394 90 335 529 -1 -1 -1 0 
16 3 1258 215 341 386 -1 -1 -1 0 
16 4 123 201 263 191 -1 -1 -1 0 
16 5 739 429 499 217 -1 -1 -1 0 
17 1 391 105 339 514 -1 -1 -1 0 
17 3 1258 215 341 386 -1 -1 -1 0 
17 4 123 201 263 191 -1 -1 -1 0 
17 5 740 425 501 221 -1 -1 -1 0 
18 1 393 111 335 509 -1 -1 -1 0 
18 3 1255 217 344 386 -1 -1 -1 0 
18 4 124 200 262 192 -1 -1 -1 0 
18 5 744 417 489 229 -1 -1 -1 0 
19 1 394 115 333 506 -1 -1 -1 0 
19 3 1257 216 343 386 -1 -1 -1 0 
19 4 123 201 266 191 -1 -1 -1 0 
19 5 741 415 496 232 -1 -1 -1 0 
20 1 394 115 331 509 -1 -1 -1 0 
20 3 1255 217 345 383 -1 -1 -1 0 
20 4 124 201 264 191 -1 -1 -1 0 
20 5 741 412 496 235 -1 -1 -1 0 
21 1 397 101 326 522 -1 -1 -1 0 
21 3 1256 216 343 386 -1 -1 -1 0 
21 4 123 202 266 189 -1 -1 -1 0 
21 5 738 415 502 232 -1 -1 -1 0 
22 1 395 95 331 526 -1 -1 -1 0 
22 3 1258 212 342 392 -1 -1 -1 0 
22 4 123 202 267 190 -1 -1 -1 0 
22 5 740 417 500 230 -1 -1 -1 0 
23 1 395 91 332 530 -1 -1 -1 0 
23 3 1255 214 346 389 -1 -1 -1 0 
23 4 124 201 265 192 -1 -1 -1 0 
23 5 737 426 508 221 -1 -1 -1 0 
24 1 395 90 332 531 -1 -1 -1 0 
24 3 1255 215 345 389 -1 -1 -1 0 
24 4 123 201 268 192 -1 -1 -1 0 
24 5 742 430 497 217 -1 -1 -1 0 
25 1 393 89 336 532 -1 -1 -1 0 
25 3 1259 211 340 393 -1 -1 -1 0 
25 4 122 201 268 190 -1 -1 -1 0 
25 5 743 433 493 214 -1 -1 -1 0 
26 1 393 89 335 529 -1 -1 -1 0 
26 3 1258 210 343 391 -1 -1 -1 0 
26 4 122 202 268 189 -1 -1 -1 0 
26 5 746 433 485 215 -1 -1 -1 0 
27 1 394 90 334 530 -1 -1 -1 0 
27 3 1258 210 343 390 -1 -1 -1 0 
27 5 744 432 491 215 -1 -1 -1 0 
28 1 392 91 336 529 -1 -1 -1 0 
28 3 1258 213 344 387 -1 -1 -1 0 
28 5 748 423 480 224 -1 -1 -1 0 
29 1 391 91 335 532 -1 -1 -1 0 
29 3 1259 213 342 387 -1 -1 -1 0 
29 5 741 422 495 226 -1 -1 -1 0 
30 1 390 94 338 532 -1 -1 -1 0 
30 3 1257 210 345 378 -1 -1 -1 0 
30 5 726 440 530 208 -1 -1 -1 0 
31 1 388 95 341 522 -1 -1 -1 0 
31 3 1258 208 343 374 -1 -1 -1 0 
31 5 732 451 518 197 -1 -1 -1 0 
32 1 390 97 337 527 -1 -1 -1 0 
32 3 1258 213 344 367 -1 -1 -1 0 
32 5 732 453 519 195 -1 -1 -1 0 
33 1 390 96 338 527 -1 -1 -1 0 
33 3 1259 211 342 365 -1 -1 -1 0 
34 1 388 95 341 520 -1 -1 -1 0 
34 3 1260 214 340 364 -1 -1 -1 0 
35 1 392 95 334 521 -1 -1 -1 0 
35 3 1260 215 339 364 -1 -1 -1 0 
36 1 391 96 336 521 -1 -1 -1 0 
36 3 1259 216 341 362 -1 -1 -1 0 
37 1 392 96 333 526 -1 -1 -1 0 
37 3 1260 217 340 361 -1 -1 -1 0 
38 1 391 95 336 529 -1 -1 -1 0 
38 3 1260 216 340 362 -1 -1 -1 0 
38 5 740 435 501 214 -1 -1 -1 0 
39 1 391 95 335 532 -1 -1 -1 0 
39 3 1261 216 339 363 -1 -1 -1 0 
39 5 739 435 503 214 -1 -1 -1 0 
40 1 390 95 337 527 -1 -1 -1 0 
40 3 1260 215 339 363 -1 -1 -1 0 
40 5 747 433 490 214 -1 -1 -1 0 
41 1 390 96 337 527 -1 -1 -1 0 
41 3 1260 215 339 362 -1 -1 -1 0 
41 5 734 441 517 206 -1 -1 -1 0 
42 1 391 97 335 527 -1 -1 -1 0 
42 3 1260 216 339 360 -1 -1 -1 0 
42 5 749 438 486 208 -1 -1 -1 0 
42 13 1500 723 182 344 -1 -1 -1 0 
43 1 391 96 336 530 -1 -1 -1 0 
43 3 1261 216 337 361 -1 -1 -1 0 
43 5 749 435 486 211 -1 -1 -1 0 
43 13 1500 723 182 344 -1 -1 -1 0 
44 1 392 96 335 532 -1 -1 -1 0 
44 3 1261 211 337 368 -1 -1 -1 0 
44 5 747 436 492 210 -1 -1 -1 0 
44 13 1499 722 183 343 -1 -1 -1 0 
45 1 391 97 337 531 -1 -1 -1 0 
45 3 1260 213 340 369 -1 -1 -1 0 
45 5 745 442 497 205 -1 -1 -1 0 
45 13 1500 723 182 341 -1 -1 -1 0 
46 1 392 96 335 532 -1 -1 -1 0 
46 3 1260 209 339 375 -1 -1 -1 0 
46 5 739 444 507 203 -1 -1 -1 0 
46 13 1501 723 184 344 -1 -1 -1 0 
47 1 391 95 337 533 -1 -1 -1 0 
47 3 1257 213 345 370 -1 -1 -1 0 
47 5 739 445 509 202 -1 -1 -1 0 
47 13 1501 723 181 342 -1 -1 -1 0 
48 1 391 95 337 533 -1 -1 -1 0 
48 3 1259 215 343 367 -1 -1 -1 0 
48 5 738 446 511 202 -1 -1 -1 0 
48 13 1501 723 181 342 -1 -1 -1 0 
49 1 390 95 339 531 -1 -1 -1 0 
49 3 1260 211 339 371 -1 -1 -1 0 
49 5 742 443 502 205 -1 -1 -1 0 
49 13 1501 723 180 342 -1 -1 -1 0 
50 1 389 95 339 528 -1 -1 -1 0 
50 3 1257 210 344 368 -1 -1 -1 0 
50 5 741 443 503 205 -1 -1 -1 0 
50 13 1501 723 180 342 -1 -1 -1 0 
51 1 393 95 335 527 -1 -1 -1 0 
51 3 1257 209 344 368 -1 -1 -1 0 
51 5 741 440 501 208 -1 -1 -1 0 
51 13 1503 724 183 344 -1 -1 -1 0 
51 16 1258 215 344 366 -1 -1 -1 0 
52 1 392 95 337 527 -1 -1 -1 0 
52 3 1258 214 344 363 -1 -1 -1 0 
52 5 740 439 502 209 -1 -1 -1 0 
52 13 1500 723 183 343 -1 -1 -1 0 
52 16 1259 217 343 365 -1 -1 -1 0 
53 1 393 95 334 527 -1 -1 -1 0 
53 3 1259 216 342 362 -1 -1 -1 0 
53 13 1502 724 183 343 -1 -1 -1 0 
54 1 394 96 333 527 -1 -1 -1 0 
54 3 1258 212 342 364 -1 -1 -1 0 
54 5 737 448 510 200 -1 -1 -1 0 
54 13 1500 723 183 343 -1 -1 -1 0 
55 1 395 95 332 530 -1 -1 -1 0 
55 3 1260 210 339 369 -1 -1 -1 0 
55 5 743 440 498 207 -1 -1 -1 0 
55 13 1501 723 181 342 -1 -1 -1 0 
55 16 1446 138 409 276 -1 -1 -1 0 
56 1 395 95 332 531 -1 -1 -1 0 
56 3 1258 213 343 366 -1 -1 -1 0 
56 5 740 437 504 210 -1 -1 -1 0 
56 13 1501 723 183 344 -1 -1 -1 0 
56 16 1494 125 390 260 -1 -1 -1 0 
57 1 393 95 335 529 -1 -1 -1 0 
57 3 1259 215 342 365 -1 -1 -1 0 
57 5 739 436 506 211 -1 -1 -1 0 
57 13 1501 723 184 344 -1 -1 -1 0 
57 16 1476 130 398 270 -1 -1 -1 0 
58 1 393 95 334 528 -1 -1 -1 0 
58 3 1259 215 342 365 -1 -1 -1 0 
58 13 1504 724 182 345 -1 -1 -1 0 
58 16 1476 129 400 269 -1 -1 -1 0 
59 1 393 94 332 529 -1 -1 -1 0 
59 3 1259 212 342 365 -1 -1 -1 0 
59 13 1504 724 182 345 -1 -1 -1 0 
59 16 1476 127 401 272 -1 -1 -1 0 
60 1 393 94 333 526 -1 -1 -1 0 
60 3 1259 210 341 365 -1 -1 -1 0 
60 16 1475 127 400 272 -1 -1 -1 0 
61 1 393 93 333 528 -1 -1 -1 0 
61 3 1258 210 342 363 -1 -1 -1 0 
61 16 1473 129 400 269 -1 -1 -1 0 
62 1 390 96 338 526 -1 -1 -1 0 
62 3 1259 210 340 363 -1 -1 -1 0 
62 16 1471 130 400 269 -1 -1 -1 0 
63 1 393 96 334 524 -1 -1 -1 0 
63 3 1260 213 339 364 -1 -1 -1 0 
63 16 1470 131 399 268 -1 -1 -1 0 
64 1 394 96 332 525 -1 -1 -1 0 
64 3 1259 215 340 364 -1 -1 -1 0 
64 16 1468 131 399 269 -1 -1 -1 0 
65 1 394 100 333 522 -1 -1 -1 0 
65 3 1260 215 339 366 -1 -1 -1 0 
65 13 1502 725 184 344 -1 -1 -1 0 
65 16 1468 132 398 268 -1 -1 -1 0 
66 1 395 98 332 526 -1 -1 -1 0 
66 3 1259 213 341 366 -1 -1 -1 0 
66 13 1502 725 184 344 -1 -1 -1 0 
66 16 1467 130 399 271 -1 -1 -1 0 
67 1 394 97 333 526 -1 -1 -1 0 
67 3 1259 212 341 367 -1 -1 -1 0 
67 16 1466 130 399 271 -1 -1 -1 0 
68 1 394 97 334 527 -1 -1 -1 0 
68 3 1258 212 343 365 -1 -1 -1 0 
68 16 1465 130 399 271 -1 -1 -1 0 
69 1 394 94 333 528 -1 -1 -1 0 
69 3 1259 215 342 363 -1 -1 -1 0 
69 13 1501 723 181 343 -1 -1 -1 0 
69 16 1473 128 399 270 -1 -1 -1 0 
70 1 394 93 332 529 -1 -1 -1 0 
70 3 1259 216 342 362 -1 -1 -1 0 
70 13 1501 723 181 343 -1 -1 -1 0 
71 1 394 95 333 529 -1 -1 -1 0 
71 3 1259 216 342 361 -1 -1 -1 0 
72 1 393 97 335 526 -1 -1 -1 0 
72 3 1260 217 340 360 -1 -1 -1 0 
73 1 394 97 333 526 -1 -1 -1 0 
73 3 1259 217 342 360 -1 -1 -1 0 
74 1 394 96 333 528 -1 -1 -1 0 
74 3 1260 217 340 362 -1 -1 -1 0 
74 13 1501 722 179 343 -1 -1 -1 0 
75 1 393 97 335 528 -1 -1 -1 0 
75 3 1260 217 340 362 -1 -1 -1 0 
75 13 1500 722 182 345 -1 -1 -1 0 
76 1 395 96 332 530 -1 -1 -1 0 
76 3 1260 217 340 362 -1 -1 -1 0 
76 13 1500 722 181 343 -1 -1 -1 0 
77 1 391 99 339 535 -1 -1 -1 0 
77 3 1260 217 341 362 -1 -1 -1 0 
77 13 1501 722 180 342 -1 -1 -1 0 
78 1 393 96 334 535 -1 -1 -1 0 
78 3 1259 217 343 361 -1 -1 -1 0 
78 13 1501 721 181 343 -1 -1 -1 0 
79 1 392 96 335 531 -1 -1 -1 0 
79 3 1259 217 342 361 -1 -1 -1 0 
79 13 1501 721 180 342 -1 -1 -1 0 
80 1 392 96 334 524 -1 -1 -1 0 
80 3 1260 217 339 365 -1 -1 -1 0 
80 5 744 440 491 207 -1 -1 -1 0 
80 13 1499 723 186 342 -1 -1 -1 0 
81 1 393 96 332 522 -1 -1 -1 0 
81 3 1260 216 338 374 -1 -1 -1 0 
81 5 744 440 494 206 -1 -1 -1 0 
81 13 1499 724 186 341 -1 -1 -1 0 
82 1 391 112 336 507 -1 -1 -1 0 
82 3 1259 216 340 377 -1 -1 -1 0 
82 5 745 440 492 206 -1 -1 -1 0 
82 13 1500 724 185 341 -1 -1 -1 0 
83 1 393 116 332 510 -1 -1 -1 0 
83 3 1259 216 341 381 -1 -1 -1 0 
83 5 744 440 489 205 -1 -1 -1 0 
83 13 1499 724 187 341 -1 -1 -1 0 
84 1 392 120 335 512 -1 -1 -1 0 
84 3 1257 216 345 371 -1 -1 -1 0 
84 5 743 439 490 206 -1 -1 -1 0 
84 13 1499 724 188 341 -1 -1 -1 0 
85 1 396 111 328 518 -1 -1 -1 0 
85 3 1257 216 345 372 -1 -1 -1 0 
85 5 744 438 488 208 -1 -1 -1 0 
85 13 1497 724 191 342 -1 -1 -1 0 
86 1 392 117 335 510 -1 -1 -1 0 
86 5 744 438 488 208 -1 -1 -1 0 
86 13 1497 724 190 339 -1 -1 -1 0 
87 1 396 108 327 519 -1 -1 -1 0 
87 3 1255 215 344 388 -1 -1 -1 0 
87 5 741 438 496 208 -1 -1 -1 0 
87 13 1506 724 177 340 -1 -1 -1 0 
88 1 396 105 328 522 -1 -1 -1 0 
88 3 1255 215 344 390 -1 -1 -1 0 
88 5 737 438 507 209 -1 -1 -1 0 
88 13 1507 724 176 340 -1 -1 -1 0 
89 1 397 105 327 522 -1 -1 -1 0 
89 5 738 436 506 211 -1 -1 -1 0 
89 13 1500 724 190 343 -1 -1 -1 0 
89 18 128 171 262 225 -1 -1 -1 0 
90 1 397 105 327 523 -1 -1 -1 0 
90 5 739 434 505 214 -1 -1 -1 0 
90 13 1497 723 197 345 -1 -1 -1 0 
90 18 127 174 264 217 -1 -1 -1 0 
91 1 442 110 279 510 -1 -1 -1 0 
91 3 1256 211 347 369 -1 -1 -1 0 
91 5 736 434 509 214 -1 -1 -1 0 
91 13 1498 723 196 346 -1 -1 -1 0 
91 18 129 171 260 218 -1 -1 -1 0 
92 1 406 102 324 522 -1 -1 -1 0 
92 3 1256 210 347 369 -1 -1 -1 0 
92 5 741 429 498 219 -1 -1 -1 0 
92 13 1497 723 198 347 -1 -1 -1 0 
92 18 125 170 267 207 -1 -1 -1 0 
93 1 397 98 331 528 -1 -1 -1 0 
93 5 741 424 499 224 -1 -1 -1 0 
93 13 1498 723 198 345 -1 -1 -1 0 
93 18 129 172 259 210 -1 -1 -1 0 
94 1 396 98 330 530 -1 -1 -1 0 
94 3 1259 210 342 363 -1 -1 -1 0 
94 5 738 421 505 227 -1 -1 -1 0 
94 13 1498 723 199 345 -1 -1 -1 0 
94 16 1459 170 402 235 -1 -1 -1 0 
94 18 128 169 261 205 -1 -1 -1 0 
95 1 394 97 333 533 -1 -1 -1 0 
95 3 1261 210 338 368 -1 -1 -1 0 
95 5 741 414 498 235 -1 -1 -1 0 
95 16 1460 166 399 241 -1 -1 -1 0 
95 18 129 169 259 201 -1 -1 -1 0 
96 1 391 98 337 527 -1 -1 -1 0 
96 3 1259 210 342 370 -1 -1 -1 0 
96 5 740 408 500 241 -1 -1 -1 0 
96 16 1459 167 400 240 -1 -1 -1 0 
97 1 393 98 334 524 -1 -1 -1 0 
97 3 1259 210 342 370 -1 -1 -1 0 
97 5 737 405 503 245 -1 -1 -1 0 
98 1 393 94 333 528 -1 -1 -1 0 
98 5 736 404 505 246 -1 -1 -1 0 
99 1 391 93 335 531 -1 -1 -1 0 
99 5 739 398 499 252 -1 -1 -1 0 
100 1 392 94 334 529 -1 -1 -1 0 
100 3 1259 211 344 385 -1 -1 -1 0 
100 5 733 401 510 249 -1 -1 -1 0 
100 13 1501 724 187 345 -1 -1 -1 0 
101 1 393 93 333 528 -1 -1 -1 0 
101 3 1258 211 346 386 -1 -1 -1 0 
101 5 734 403 509 247 -1 -1 -1 0 
101 13 1501 725 187 345 -1 -1 -1 0 
102 1 392 93 335 526 -1 -1 -1 0 
102 3 1258 211 347 383 -1 -1 -1 0 
102 5 733 405 510 245 -1 -1 -1 0 
102 13 1496 725 199 345 -1 -1 -1 0 
103 1 393 92 333 528 -1 -1 -1 0 
103 3 1259 211 345 380 -1 -1 -1 0 
103 5 737 404 502 247 -1 -1 -1 0 
103 13 1480 725 312 345 -1 -1 -1 0 
103 21 732 91 275 374 -1 -1 -1 0 
104 1 394 95 333 526 -1 -1 -1 0 
104 3 1259 211 345 381 -1 -1 -1 0 
104 5 738 398 500 253 -1 -1 -1 0 
104 13 1493 725 318 345 -1 -1 -1 0 
104 21 733 90 275 374 -1 -1 -1 0 
105 1 393 97 334 526 -1 -1 -1 0 
105 3 1257 211 347 370 -1 -1 -1 0 
105 5 737 396 503 254 -1 -1 -1 0 
105 13 1514 726 206 344 -1 -1 -1 0 
105 21 731 84 271 380 -1 -1 -1 0 
106 1 394 99 333 524 -1 -1 -1 0 
106 3 1257 211 348 369 -1 -1 -1 0 
106 5 736 396 504 254 -1 -1 -1 0 
106 13 1513 726 211 345 -1 -1 -1 0 
106 21 730 82 272 383 -1 -1 -1 0 
107 1 396 97 331 526 -1 -1 -1 0 
107 3 1258 211 345 368 -1 -1 -1 0 
107 5 734 399 507 251 -1 -1 -1 0 
107 13 1502 726 196 345 -1 -1 -1 0 
107 16 1017 57 297 404 -1 -1 -1 0 
107 21 730 82 272 383 -1 -1 -1 0 
108 1 397 99 330 523 -1 -1 -1 0 
108 3 1259 210 343 366 -1 -1 -1 0 
108 5 724 418 527 231 -1 -1 -1 0 
108 13 1490 726 301 345 -1 -1 -1 0 
108 16 990 50 283 415 -1 -1 -1 0 
108 21 730 82 273 383 -1 -1 -1 0 
109 1 397 98 330 524 -1 -1 -1 0 
109 3 1263 209 336 380 -1 -1 -1 0 
109 5 736 422 503 227 -1 -1 -1 0 
109 13 1525 726 184 343 -1 -1 -1 0 
109 16 996 50 305 411 -1 -1 -1 0 
109 21 731 80 272 385 -1 -1 -1 0 
110 1 398 102 329 518 -1 -1 -1 0 
110 3 1261 209 340 387 -1 -1 -1 0 
110 5 737 423 503 226 -1 -1 -1 0 
110 13 1530 725 161 344 -1 -1 -1 0 
110 16 995 50 301 410 -1 -1 -1 0 
110 21 731 80 271 385 -1 -1 -1 0 
111 1 398 100 329 519 -1 -1 -1 0 
111 3 1259 208 344 387 -1 -1 -1 0 
111 5 739 421 497 229 -1 -1 -1 0 
111 13 1512 725 181 344 -1 -1 -1 0 
111 16 995 49 302 411 -1 -1 -1 0 
111 21 731 83 272 382 -1 -1 -1 0 
112 1 395 97 333 521 -1 -1 -1 0 
112 3 1257 209 348 380 -1 -1 -1 0 
112 5 740 422 496 228 -1 -1 -1 0 
112 13 1519 725 168 343 -1 -1 -1 0 
112 16 994 50 305 409 -1 -1 -1 0 
112 18 114 183 238 321 -1 -1 -1 0 
112 21 731 83 273 381 -1 -1 -1 0 
113 1 395 97 333 520 -1 -1 -1 0 
113 3 1260 209 341 387 -1 -1 -1 0 
113 13 1512 725 177 343 -1 -1 -1 0 
113 16 995 51 305 408 -1 -1 -1 0 
113 18 104 188 273 323 -1 -1 -1 0 
113 21 731 83 273 381 -1 -1 -1 0 
113 27 1472 149 391 252 -1 -1 -1 0 
114 1 397 97 329 521 -1 -1 -1 0 
114 3 1259 209 344 386 -1 -1 -1 0 
114 13 1508 725 178 342 -1 -1 -1 0 
114 16 996 53 306 400 -1 -1 -1 0 
114 18 99 189 282 329 -1 -1 -1 0 
114 21 731 82 273 382 -1 -1 -1 0 
114 27 1470 146 396 254 -1 -1 -1 0 
115 1 395 99 333 519 -1 -1 -1 0 
115 3 1257 209 348 376 -1 -1 -1 0 
115 5 738 417 498 233 -1 -1 -1 0 
115 13 1501 725 189 343 -1 -1 -1 0 
115 16 996 54 310 388 -1 -1 -1 0 
116 1 443 109 274 510 -1 -1 -1 0 
116 3 1259 209 344 371 -1 -1 -1 0 
116 5 730 428 511 221 -1 -1 -1 0 
116 13 1500 725 185 343 -1 -1 -1 0 
116 16 1000 57 306 381 -1 -1 -1 0 
117 1 437 110 289 512 -1 -1 -1 0 
117 3 1263 207 339 371 -1 -1 -1 0 
117 5 732 434 507 215 -1 -1 -1 0 
117 13 1500 725 183 342 -1 -1 -1 0 
117 16 1003 55 305 387 -1 -1 -1 0 
117 21 733 82 274 382 -1 -1 -1 0 
118 1 406 104 327 518 -1 -1 -1 0 
118 3 1262 208 340 373 -1 -1 -1 0 
118 5 736 435 498 214 -1 -1 -1 0 
118 13 1498 725 188 342 -1 -1 -1 0 
118 16 1002 54 308 391 -1 -1 -1 0 
118 21 734 80 273 383 -1 -1 -1 0 
118 27 1463 139 404 260 -1 -1 -1 0 
119 1 400 98 328 525 -1 -1 -1 0 
119 3 1259 208 344 373 -1 -1 -1 0 
119 5 736 437 498 211 -1 -1 -1 0 
119 13 1497 724 189 343 -1 -1 -1 0 
119 16 1001 57 311 385 -1 -1 -1 0 
119 21 734 79 273 384 -1 -1 -1 0 
119 27 1462 137 406 262 -1 -1 -1 0 
120 1 400 99 327 526 -1 -1 -1 0 
120 3 1259 210 344 369 -1 -1 -1 0 
120 5 739 427 493 222 -1 -1 -1 0 
120 13 1499 724 185 344 -1 -1 -1 0 
120 16 1004 58 304 390 -1 -1 -1 0 
120 18 103 200 247 307 -1 -1 -1 0 
121 1 398 101 330 522 -1 -1 -1 0 
121 3 1260 210 343 367 -1 -1 -1 0 
121 5 735 429 502 221 -1 -1 -1 0 
121 13 1498 724 185 344 -1 -1 -1 0 
121 16 1004 58 306 383 -1 -1 -1 0 
121 18 110 198 235 311 -1 -1 -1 0 
122 1 398 100 329 521 -1 -1 -1 0 
122 3 1261 210 341 370 -1 -1 -1 0 
122 5 734 430 504 220 -1 -1 -1 0 
122 13 1501 724 183 343 -1 -1 -1 0 
122 16 1008 57 299 387 -1 -1 -1 0 
122 18 110 198 233 313 -1 -1 -1 0 
123 1 397 99 328 524 -1 -1 -1 0 
123 3 1261 210 341 368 -1 -1 -1 0 
123 13 1502 724 184 343 -1 -1 -1 0 
123 16 1004 56 299 388 -1 -1 -1 0 
123 18 109 197 236 315 -1 -1 -1 0 
124 1 396 101 330 519 -1 -1 -1 0 
124 3 1261 210 340 367 -1 -1 -1 0 
124 13 1498 724 186 342 -1 -1 -1 0 
124 18 110 190 235 323 -1 -1 -1 0 
125 1 396 101 331 517 -1 -1 -1 0 
125 3 1259 208 343 366 -1 -1 -1 0 
125 13 1498 724 187 344 -1 -1 -1 0 
125 18 111 187 233 324 -1 -1 -1 0 
126 1 396 99 330 519 -1 -1 -1 0 
126 3 1260 208 341 366 -1 -1 -1 0 
126 13 1502 724 184 344 -1 -1 -1 0 
126 18 111 188 235 322 -1 -1 -1 0 
127 1 396 96 329 525 -1 -1 -1 0 
127 3 1260 208 341 365 -1 -1 -1 0 
127 13 1500 724 188 345 -1 -1 -1 0 
127 18 111 189 235 319 -1 -1 -1 0 
128 1 395 96 331 525 -1 -1 -1 0 
128 13 1502 724 185 345 -1 -1 -1 0 
128 18 112 190 233 320 -1 -1 -1 0 
129 1 394 96 333 524 -1 -1 -1 0 
129 13 1498 724 189 345 -1 -1 -1 0 
129 18 112 190 232 320 -1 -1 -1 0 
130 1 395 95 329 527 -1 -1 -1 0 
130 3 1256 216 344 369 -1 -1 -1 0 
130 5 283 539 345 280 -1 -1 -1 0 
130 13 1499 723 190 345 -1 -1 -1 0 
130 18 108 199 236 310 -1 -1 -1 0 
131 1 393 95 333 527 -1 -1 -1 0 
131 3 1256 216 344 369 -1 -1 -1 0 
131 5 250 548 332 284 -1 -1 -1 0 
131 13 1503 721 176 347 -1 -1 -1 0 
131 18 109 199 232 309 -1 -1 -1 0 
132 1 394 96 333 525 -1 -1 -1 0 
132 3 1256 213 344 368 -1 -1 -1 0 
132 13 1500 721 183 346 -1 -1 -1 0 
132 18 107 197 235 311 -1 -1 -1 0 
132 36 478 706 444 353 -1 -1 -1 0 
132 37 150 764 303 300 -1 -1 -1 0 
133 1 444 105 273 517 -1 -1 -1 0 
133 3 1256 211 344 367 -1 -1 -1 0 
133 13 1496 722 195 347 -1 -1 -1 0 
133 18 110 193 231 316 -1 -1 -1 0 
133 36 478 706 445 353 -1 -1 -1 0 
133 37 150 764 303 300 -1 -1 -1 0 
134 1 404 102 329 518 -1 -1 -1 0 
134 3 1256 211 344 367 -1 -1 -1 0 
134 13 1497 722 196 347 -1 -1 -1 0 
134 18 108 191 235 318 -1 -1 -1 0 
135 1 399 99 330 521 -1 -1 -1 0 
135 3 1256 211 345 365 -1 -1 -1 0 
135 13 1500 722 195 347 -1 -1 -1 0 
135 18 107 190 237 320 -1 -1 -1 0 
135 36 477 706 446 351 -1 -1 -1 0 
136 1 399 99 328 525 -1 -1 -1 0 
136 3 1256 211 345 365 -1 -1 -1 0 
136 13 1498 723 198 346 -1 -1 -1 0 
136 18 105 190 239 318 -1 -1 -1 0 
136 36 478 707 444 349 -1 -1 -1 0 
136 37 149 765 306 299 -1 -1 -1 0 
137 1 397 99 331 526 -1 -1 -1 0 
137 13 1501 723 184 346 -1 -1 -1 0 
137 18 107 189 235 319 -1 -1 -1 0 
137 37 150 764 306 299 -1 -1 -1 0 
138 1 396 98 331 527 -1 -1 -1 0 
138 13 1480 723 313 346 -1 -1 -1 0 
138 18 105 191 239 316 -1 -1 -1 0 
138 37 149 764 307 300 -1 -1 -1 0 
139 1 396 98 331 526 -1 -1 -1 0 
139 13 1515 723 188 346 -1 -1 -1 0 
139 18 110 186 232 321 -1 -1 -1 0 
139 37 148 764 307 300 -1 -1 -1 0 
140 1 394 96 333 527 -1 -1 -1 0 
140 13 1507 722 187 347 -1 -1 -1 0 
140 18 108 189 237 318 -1 -1 -1 0 
140 36 475 708 447 347 -1 -1 -1 0 
140 37 148 766 307 298 -1 -1 -1 0 
141 1 395 93 331 534 -1 -1 -1 0 
141 13 1503 722 194 347 -1 -1 -1 0 
141 18 112 187 232 324 -1 -1 -1 0 
141 36 475 709 446 346 -1 -1 -1 0 
141 37 148 766 307 298 -1 -1 -1 0 
142 1 395 93 331 535 -1 -1 -1 0 
142 13 1500 722 194 347 -1 -1 -1 0 
142 18 110 186 236 326 -1 -1 -1 0 
142 37 140 766 315 298 -1 -1 -1 0 
143 1 391 93 336 536 -1 -1 -1 0 
143 13 1496 722 200 347 -1 -1 -1 0 
143 18 109 188 237 323 -1 -1 -1 0 
143 37 142 763 312 303 -1 -1 -1 0 
144 1 393 93 334 538 -1 -1 -1 0 
144 3 1256 210 344 364 -1 -1 -1 0 
144 13 1500 721 190 348 -1 -1 -1 0 
144 18 105 185 243 325 -1 -1 -1 0 
144 37 145 761 309 305 -1 -1 -1 0 
145 1 394 93 333 541 -1 -1 -1 0 
145 3 1256 210 344 367 -1 -1 -1 0 
145 13 1497 721 195 348 -1 -1 -1 0 
145 18 106 185 242 324 -1 -1 -1 0 
145 37 145 760 309 306 -1 -1 -1 0 
146 1 392 93 337 536 -1 -1 -1 0 
146 3 1256 210 344 367 -1 -1 -1 0 
146 16 1454 147 404 256 -1 -1 -1 0 
146 18 108 184 238 325 -1 -1 -1 0 
147 1 393 96 334 536 -1 -1 -1 0 
147 3 1257 213 343 374 -1 -1 -1 0 
147 16 1465 147 401 256 -1 -1 -1 0 
147 18 107 185 242 324 -1 -1 -1 0 
148 1 392 94 335 539 -1 -1 -1 0 
148 3 1257 213 343 375 -1 -1 -1 0 
148 16 1470 146 399 257 -1 -1 -1 0 
148 18 108 186 239 323 -1 -1 -1 0 
149 1 391 94 336 539 -1 -1 -1 0 
149 16 1470 146 400 258 -1 -1 -1 0 
149 18 107 184 244 326 -1 -1 -1 0 
150 1 391 93 336 537 -1 -1 -1 0 
150 3 1256 211 346 371 -1 -1 -1 0 
150 16 1467 146 406 258 -1 -1 -1 0 
150 18 107 189 244 320 -1 -1 -1 0 
151 1 393 97 334 537 -1 -1 -1 0 
151 3 1256 211 346 371 -1 -1 -1 0 
151 16 1467 145 405 259 -1 -1 -1 0 
151 18 112 183 235 326 -1 -1 -1 0 
152 1 393 97 334 538 -1 -1 -1 0 
152 16 1480 146 409 257 -1 -1 -1 0 
152 18 112 178 241 325 -1 -1 -1 0 
153 18 111 177 242 327 -1 -1 -1 0 
154 1 390 95 339 535 -1 -1 -1 0 
154 18 112 176 238 324 -1 -1 -1 0 
155 1 390 95 339 535 -1 -1 -1 0 
155 18 112 179 240 324 -1 -1 -1 0 
156 1 391 95 337 533 -1 -1 -1 0 
156 18 104 192 252 310 -1 -1 -1 0 
157 1 391 93 337 533 -1 -1 -1 0 
157 13 1500 718 187 350 -1 -1 -1 0 
157 18 108 197 242 306 -1 -1 -1 0 
